0.249999997697,0.250000002357,0.249999998372,0.250000001574
0.249999995920,0.250000004174,0.249999997117,0.250000002790
0.249999996787,0.250000003285,0.249999997731,0.250000002197
0.250000000555,0.249999999432,0.250000000392,0.249999999620
0.250000000555,0.249999999432,0.250000000392,0.249999999620
0.250000003941,0.249999995970,0.250000002785,0.249999997304
0.250000003646,0.249999996272,0.250000002576,0.249999997506
0.249999993638,0.250000006516,0.249999995490,0.250000004356
0.250000002697,0.249999997241,0.250000001907,0.249999998156
0.249999993638,0.250000006516,0.249999995490,0.250000004356
0.250000003523,0.249999996398,0.250000002489,0.249999997590
0.249999993638,0.250000006516,0.249999995490,0.250000004356
0.249999997843,0.250000002206,0.249999998475,0.250000001475
0.249999996251,0.250000003834,0.249999997352,0.250000002563
0.250000002800,0.249999997137,0.250000001979,0.249999998085
0.250000000407,0.249999999584,0.250000000287,0.249999999722
0.250000001515,0.249999998451,0.250000001070,0.249999998964
0.249999997173,0.250000002891,0.249999998002,0.250000001933
0.250000004070,0.249999995837,0.250000002876,0.249999997216
0.249999997158,0.250000002903,0.249999997994,0.250000001946
0.249999999481,0.250000000531,0.249999999633,0.250000000355
0.249999998127,0.250000001914,0.249999998677,0.250000001282
0.250000002787,0.249999997150,0.250000001969,0.249999998093
0.250000003198,0.249999996729,0.250000002260,0.249999997813
0.250000002085,0.249999997868,0.250000001473,0.249999998573
0.249999998944,0.250000001081,0.249999999253,0.250000000722
0.250000003220,0.249999996707,0.250000002275,0.249999997798
0.249999999366,0.250000000647,0.249999999552,0.250000000435
0.250000000433,0.249999999557,0.250000000306,0.249999999704
0.249999998377,0.250000001657,0.249999998855,0.250000001112
0.249999995101,0.250000005011,0.249999996539,0.250000003350
0.249999996419,0.250000003664,0.249999997469,0.250000002448
0.250000003431,0.249999996493,0.250000002423,0.249999997654
0.249999997935,0.250000002109,0.249999998543,0.250000001413
0.249999999058,0.250000000962,0.249999999334,0.250000000646
0.250000002709,0.249999997228,0.250000001915,0.249999998148
0.250000002751,0.249999997186,0.250000001944,0.249999998119
0.250000002697,0.249999997242,0.250000001906,0.249999998156
0.249999995954,0.250000004137,0.249999997142,0.250000002767
0.250000001468,0.249999998497,0.250000001039,0.249999998997
0.250000003221,0.249999996705,0.250000002276,0.249999997798
0.249999999730,0.250000000276,0.249999999808,0.250000000186
0.250000000136,0.249999999858,0.250000000098,0.249999999908
0.250000003321,0.249999996604,0.250000002347,0.249999997729
0.250000001984,0.249999997971,0.250000001402,0.249999998643
0.250000003152,0.249999996776,0.250000002228,0.249999997844
0.250000000850,0.249999999130,0.250000000601,0.249999999420
0.250000002981,0.249999996952,0.250000002106,0.249999997962
0.249999998796,0.250000001232,0.249999999149,0.250000000823
0.250000003924,0.249999995987,0.250000002773,0.249999997316
0.250000004188,0.249999995717,0.250000002960,0.249999997136
0.249999998279,0.250000001760,0.249999998784,0.250000001178
0.249999998760,0.250000001272,0.249999999122,0.250000000845
0.250000000080,0.249999999919,0.250000000056,0.249999999946
0.250000001949,0.249999998008,0.250000001376,0.249999998667
0.250000001901,0.249999998056,0.250000001343,0.249999998700
0.250000002959,0.249999996973,0.250000002091,0.249999997976
0.249999996660,0.250000003419,0.249999997639,0.250000002282
0.249999999747,0.250000000259,0.249999999820,0.250000000174
0.249999999087,0.250000000933,0.249999999355,0.250000000624
0.249999997791,0.250000002258,0.249999998440,0.250000001510
0.250000002667,0.249999997271,0.250000001885,0.249999998177
0.250000003228,0.249999996698,0.250000002282,0.249999997793
0.249999996854,0.250000003219,0.249999997776,0.250000002151
0.249999999117,0.250000000902,0.249999999376,0.250000000604
0.249999999159,0.250000000859,0.249999999406,0.250000000576
0.249999996163,0.250000003924,0.249999997289,0.250000002625
0.249999998130,0.250000001911,0.249999998680,0.250000001279
0.249999996959,0.250000003109,0.249999997852,0.250000002079
0.249999998218,0.250000001820,0.249999998742,0.250000001220
0.249999999932,0.250000000069,0.249999999952,0.250000000047
0.250000001965,0.249999997990,0.250000001389,0.249999998656
0.249999997940,0.250000002104,0.249999998545,0.250000001410
0.250000003588,0.249999996331,0.250000002536,0.249999997546
0.250000002176,0.249999997774,0.250000001538,0.249999998512
0.250000002639,0.249999997300,0.250000001865,0.249999998195
0.250000003236,0.249999996690,0.250000002287,0.249999997787
0.250000002057,0.249999997896,0.250000001454,0.249999998594
0.250000003083,0.249999996848,0.250000002178,0.249999997891
0.250000002582,0.249999997360,0.250000001824,0.249999998234
0.249999997694,0.250000002355,0.249999998372,0.250000001578
0.250000001922,0.249999998035,0.250000001357,0.249999998686
0.250000004256,0.249999995648,0.250000003007,0.249999997089
0.250000003905,0.249999996007,0.250000002759,0.249999997329
0.249999997839,0.250000002207,0.249999998474,0.250000001479
0.250000002622,0.249999997319,0.250000001852,0.249999998207
0.250000003688,0.249999996228,0.250000002606,0.249999997478
0.250000002915,0.249999997018,0.250000002061,0.249999998007
0.250000003369,0.249999996554,0.250000002381,0.249999997695
0.250000002138,0.249999997813,0.250000001511,0.249999998538
0.250000002387,0.249999997560,0.250000001685,0.249999998368
0.250000003399,0.249999996524,0.250000002402,0.249999997675
0.250000003567,0.249999996351,0.250000002521,0.249999997560
0.250000001929,0.249999998026,0.250000001364,0.249999998681
0.250000002657,0.249999997283,0.250000001877,0.249999998183
0.250000003162,0.249999996768,0.250000002233,0.249999997838
0.250000004083,0.249999995825,0.250000002885,0.249999997207
0.250000002706,0.249999997233,0.250000001912,0.249999998149
0.250000003630,0.249999996289,0.250000002565,0.249999997516
0.250000004331,0.249999995570,0.250000003061,0.249999997038
0.250000003811,0.249999996103,0.250000002693,0.249999997393
0.250000001829,0.249999998129,0.250000001293,0.249999998749
0.250000002051,0.249999997902,0.250000001449,0.249999998598
0.250000004362,0.249999995539,0.250000003082,0.249999997017
0.250000002382,0.249999997563,0.250000001683,0.249999998371
0.250000001831,0.249999998127,0.250000001294,0.249999998748
0.250000002528,0.249999997415,0.250000001786,0.249999998271
0.250000002785,0.249999997151,0.250000001968,0.249999998096
0.250000001769,0.249999998190,0.250000001250,0.249999998790
0.250000002863,0.249999997071,0.250000002024,0.249999998042
0.250000002809,0.249999997127,0.250000001985,0.249999998079
0.250000001110,0.249999998864,0.250000000785,0.249999999241
0.250000003148,0.249999996782,0.250000002223,0.249999997847
0.250000003423,0.249999996498,0.250000002420,0.249999997659
0.249999995761,0.250000004337,0.249999997005,0.250000002897
0.249999997865,0.250000002183,0.249999998492,0.250000001461
0.249999996042,0.250000004050,0.249999997203,0.250000002705
0.249999995307,0.250000004804,0.249999996682,0.250000003206
0.249999998092,0.250000001949,0.249999998653,0.250000001306
0.249999996402,0.250000003682,0.249999997457,0.250000002459
0.250000002153,0.249999997799,0.250000001521,0.249999998528
0.249999999811,0.250000000193,0.249999999866,0.250000000129
0.250000003074,0.249999996856,0.250000002172,0.249999997898
0.250000001838,0.249999998120,0.250000001299,0.249999998743
0.249999993638,0.250000006516,0.249999995490,0.250000004356
0.249999998156,0.250000001885,0.249999998698,0.250000001262
0.249999998574,0.250000001456,0.249999998993,0.250000000976
0.249999997120,0.250000002949,0.249999997964,0.250000001967
0.249999998026,0.250000002020,0.249999998605,0.250000001349
0.249999997480,0.250000002576,0.249999998220,0.250000001724
0.249999998455,0.250000001577,0.249999998910,0.250000001058
0.250000003262,0.249999996664,0.250000002305,0.249999997769
0.250000002832,0.249999997102,0.250000002002,0.249999998064
0.250000001478,0.249999998488,0.250000001044,0.249999998990
0.249999998550,0.250000001480,0.249999998977,0.250000000993
0.250000001223,0.249999998747,0.250000000865,0.249999999165
0.249999998823,0.250000001201,0.249999999169,0.250000000807
0.250000001362,0.249999998607,0.250000000962,0.249999999069
0.249999999998,0.249999999998,0.250000000000,0.250000000003
0.250000001710,0.249999998251,0.250000001208,0.249999998831
0.250000001755,0.249999998203,0.250000001241,0.249999998801
0.250000002909,0.249999997024,0.250000002055,0.249999998011
0.250000002303,0.249999997644,0.250000001628,0.249999998425
0.250000002945,0.249999996987,0.250000002082,0.249999997986
0.250000002674,0.249999997265,0.250000001890,0.249999998171
0.250000000462,0.249999999526,0.250000000327,0.249999999685
0.250000000907,0.249999999070,0.250000000642,0.249999999381
0.250000001072,0.249999998904,0.250000000757,0.249999999267
0.250000002335,0.249999997613,0.250000001649,0.249999998403
0.250000002843,0.249999997094,0.250000002007,0.249999998055
0.250000001737,0.249999998224,0.250000001227,0.249999998812
0.250000000457,0.249999999533,0.250000000322,0.249999999688
0.250000003791,0.249999996123,0.250000002679,0.249999997407
0.249999998557,0.250000001472,0.249999998982,0.250000000988
0.250000000465,0.249999999521,0.250000000330,0.249999999683
0.250000003268,0.249999996658,0.250000002309,0.249999997765
0.250000001220,0.249999998753,0.250000000861,0.249999999166
0.250000003189,0.249999996741,0.250000002252,0.249999997818
0.250000001883,0.249999998075,0.250000001330,0.249999998712
0.250000004220,0.249999995685,0.250000002982,0.249999997113
0.250000001923,0.249999998032,0.250000001360,0.249999998685
0.250000002879,0.249999997056,0.250000002034,0.249999998031
0.250000003147,0.249999996782,0.250000002224,0.249999997847
0.250000001980,0.249999997975,0.250000001399,0.249999998646
0.250000001646,0.249999998316,0.250000001163,0.249999998875
0.250000001737,0.249999998224,0.250000001227,0.249999998812
0.250000001973,0.249999997982,0.250000001394,0.249999998652
0.249999996364,0.250000003717,0.249999997432,0.250000002487
0.249999996199,0.250000003887,0.249999997315,0.250000002599
0.249999997001,0.250000003068,0.249999997881,0.250000002050
0.250000003514,0.249999996406,0.250000002483,0.249999997597
0.250000004414,0.249999995486,0.250000003119,0.249999996981
0.249999997499,0.250000002554,0.249999998235,0.250000001712
0.250000002394,0.249999997552,0.250000001692,0.249999998363
0.250000002142,0.249999997809,0.250000001514,0.249999998535
0.250000002317,0.249999997630,0.250000001637,0.249999998415
0.250000003628,0.249999996290,0.250000002563,0.249999997518
0.250000002132,0.249999997820,0.250000001506,0.249999998541
0.250000002360,0.249999997586,0.250000001668,0.249999998386
0.250000003726,0.249999996191,0.250000002631,0.249999997452
0.250000002020,0.249999997932,0.250000001428,0.249999998619
0.250000003454,0.249999996467,0.250000002441,0.249999997638
0.250000003534,0.249999996386,0.250000002497,0.249999997583
0.250000002880,0.249999997055,0.250000002035,0.249999998030
0.250000002944,0.249999996989,0.250000002080,0.249999997986
0.250000002764,0.249999997174,0.250000001953,0.249999998110
0.250000001233,0.249999998739,0.250000000871,0.249999999157
0.250000002625,0.249999997316,0.250000001855,0.249999998205
0.250000003077,0.249999996854,0.250000002173,0.249999997895
0.250000002196,0.249999997754,0.250000001552,0.249999998498
0.250000002867,0.249999997068,0.250000002026,0.249999998039
0.250000002512,0.249999997431,0.250000001775,0.249999998282
0.250000004838,0.249999995052,0.250000003419,0.249999996691
0.250000004070,0.249999995837,0.250000002876,0.249999997216
0.250000000433,0.249999999557,0.250000000306,0.249999999704
0.250000003134,0.249999996794,0.250000002215,0.249999997856
0.250000002386,0.249999997560,0.250000001685,0.249999998369
0.250000002585,0.249999997356,0.250000001827,0.249999998232
0.250000002085,0.249999997868,0.250000001473,0.249999998573
0.250000002787,0.249999997150,0.250000001969,0.249999998093
0.250000003198,0.249999996729,0.250000002260,0.249999997813
0.250000000911,0.249999999067,0.250000000644,0.249999999378
0.250000001341,0.249999998628,0.250000000947,0.249999999084
0.250000003220,0.249999996707,0.250000002275,0.249999997798
0.250000001171,0.249999998802,0.250000000827,0.249999999200
0.250000003183,0.249999996744,0.250000002249,0.249999997824
0.250000000982,0.249999998995,0.250000000694,0.249999999328
0.250000003132,0.249999996797,0.250000002213,0.249999997858
0.250000003431,0.249999996493,0.250000002423,0.249999997654
0.250000003428,0.249999996493,0.250000002423,0.249999997655
0.250000003103,0.249999996827,0.250000002192,0.249999997877
0.250000001484,0.249999998482,0.250000001048,0.249999998986
0.250000002614,0.249999997326,0.250000001847,0.249999998213
0.250000004033,0.249999995875,0.250000002850,0.249999997241
0.250000002697,0.249999997242,0.250000001906,0.249999998156
0.250000002884,0.249999997050,0.250000002038,0.249999998028
0.250000002751,0.249999997186,0.250000001944,0.249999998119
0.250000003534,0.249999996388,0.250000002496,0.249999997582
0.250000002274,0.249999997674,0.250000001607,0.249999998445
0.250000004410,0.249999995490,0.250000003117,0.249999996983
0.250000003921,0.249999995989,0.250000002771,0.249999997318
0.250000004032,0.249999995877,0.250000002849,0.249999997242
0.250000001468,0.249999998497,0.250000001039,0.249999998997
0.250000003370,0.249999996554,0.250000002381,0.249999997695
0.250000002468,0.249999997476,0.250000001744,0.249999998312
0.250000003452,0.249999996469,0.250000002440,0.249999997640
0.250000002079,0.249999997873,0.250000001469,0.249999998578
0.250000003298,0.249999996627,0.250000002331,0.249999997744
0.250000002782,0.249999997154,0.250000001966,0.249999998098
0.250000002669,0.249999997270,0.250000001886,0.249999998174
0.250000002263,0.249999997684,0.250000001600,0.249999998453
0.250000001383,0.249999998585,0.250000000977,0.249999999055
0.250000001644,0.249999998319,0.250000001162,0.249999998875
0.250000003040,0.249999996892,0.250000002147,0.249999997921
0.250000003235,0.249999996692,0.250000002286,0.249999997787
0.250000002205,0.249999997744,0.250000001558,0.249999998492
0.250000002709,0.249999997228,0.250000001915,0.249999998148
0.250000003980,0.249999995931,0.250000002812,0.249999997278
0.250000003010,0.249999996924,0.250000002125,0.249999997941
0.250000003329,0.249999996597,0.250000002351,0.249999997723
0.250000001263,0.249999998707,0.250000000893,0.249999999137
0.250000001515,0.249999998451,0.250000001070,0.249999998964
0.250000003211,0.249999996715,0.250000002269,0.249999997804
0.250000002570,0.249999997372,0.250000001816,0.249999998243
0.250000002964,0.249999996969,0.250000002095,0.249999997972
0.250000001838,0.249999998120,0.250000001299,0.249999998743
0.250000002785,0.249999997152,0.250000001968,0.249999998095
0.250000003075,0.249999996855,0.250000002173,0.249999997896
0.250000001600,0.249999998362,0.250000001131,0.249999998907
0.250000002769,0.249999997166,0.250000001958,0.249999998107
0.250000003684,0.249999996233,0.250000002603,0.249999997480
0.250000002351,0.249999997594,0.250000001663,0.249999998392
0.250000003707,0.249999996209,0.250000002620,0.249999997465
0.250000002330,0.249999997616,0.250000001647,0.249999998407
0.250000002376,0.249999997571,0.250000001679,0.249999998374
0.250000002946,0.249999996988,0.250000002082,0.249999997985
0.250000003108,0.249999996821,0.250000002196,0.249999997875
0.250000004673,0.249999995222,0.250000003301,0.249999996803
0.250000002757,0.249999997180,0.250000001948,0.249999998115
0.250000002871,0.249999997063,0.250000002029,0.249999998037
0.250000002756,0.249999997181,0.250000001947,0.249999998116
0.250000002739,0.249999997199,0.250000001935,0.249999998127
0.250000001783,0.249999998176,0.250000001260,0.249999998781
0.250000003400,0.249999996524,0.250000002402,0.249999997674
0.250000000064,0.249999999933,0.250000000046,0.249999999957
0.250000001708,0.249999998253,0.250000001207,0.249999998831
0.250000003632,0.249999996287,0.250000002566,0.249999997516
0.250000001325,0.249999998645,0.250000000936,0.249999999094
0.250000003832,0.249999996081,0.250000002708,0.249999997379
0.250000004184,0.249999995721,0.250000002957,0.249999997138
0.250000002107,0.249999997847,0.250000001488,0.249999998559
0.250000002261,0.249999997687,0.250000001598,0.249999998454
0.250000001499,0.249999998466,0.250000001059,0.249999998975
0.250000003576,0.249999996345,0.250000002525,0.249999997554
0.250000003138,0.249999996793,0.250000002216,0.249999997853
0.250000003157,0.249999996771,0.250000002231,0.249999997841
0.250000002710,0.249999997228,0.250000001915,0.249999998147
0.250000002422,0.249999997522,0.250000001712,0.249999998343
0.250000002948,0.249999996985,0.250000002083,0.249999997984
0.250000002610,0.249999997330,0.250000001845,0.249999998215
0.250000002804,0.249999997132,0.250000001982,0.249999998083
0.250000001987,0.249999997967,0.250000001404,0.249999998642
0.250000000794,0.249999999186,0.250000000562,0.249999999458
0.250000000877,0.249999999102,0.250000000621,0.249999999401
0.250000001236,0.249999998736,0.250000000873,0.249999999156
0.250000000887,0.249999999091,0.250000000628,0.249999999394
0.250000004149,0.249999995759,0.250000002930,0.249999997162
0.250000003867,0.249999996045,0.250000002733,0.249999997355
0.250000004067,0.249999995840,0.250000002875,0.249999997218
0.250000003103,0.249999996827,0.250000002193,0.249999997877
0.250000001776,0.249999998183,0.250000001255,0.249999998786
0.250000003344,0.249999996581,0.250000002363,0.249999997713
0.250000001940,0.249999998016,0.250000001371,0.249999998673
0.250000002885,0.249999997049,0.250000002039,0.249999998028
0.250000002876,0.249999997057,0.250000002033,0.249999998033
0.250000003371,0.249999996552,0.250000002382,0.249999997695
0.250000001682,0.249999998281,0.250000001188,0.249999998850
0.250000003271,0.249999996654,0.250000002312,0.249999997763
0.250000002014,0.249999997941,0.250000001422,0.249999998624
0.250000001639,0.249999998324,0.250000001158,0.249999998880
0.250000003438,0.249999996484,0.250000002430,0.249999997649
0.250000004175,0.249999995731,0.250000002950,0.249999997145
0.250000002177,0.249999997773,0.250000001538,0.249999998512
0.250000001842,0.249999998117,0.250000001301,0.249999998741
0.250000003167,0.249999996761,0.250000002238,0.249999997835
0.250000003333,0.249999996592,0.250000002355,0.249999997721
0.250000003165,0.249999996762,0.250000002237,0.249999997835
0.250000001868,0.249999998090,0.250000001320,0.249999998721
0.250000004160,0.249999995748,0.250000002938,0.249999997154
0.250000002772,0.249999997165,0.250000001959,0.249999998104
0.250000002809,0.249999997127,0.250000001985,0.249999998079
0.250000003091,0.249999996840,0.250000002184,0.249999997886
0.250000003068,0.249999996861,0.250000002169,0.249999997902
0.250000002669,0.249999997270,0.250000001886,0.249999998174
0.250000002391,0.249999997554,0.250000001690,0.249999998365
0.250000002644,0.249999997296,0.250000001868,0.249999998192
0.250000003261,0.249999996664,0.250000002305,0.249999997770
0.250000002955,0.249999996978,0.250000002087,0.249999997979
0.250000002404,0.249999997543,0.250000001698,0.249999998356
0.249999997795,0.250000002263,0.249999998439,0.250000001504
0.250000000244,0.249999999751,0.250000000172,0.249999999833
0.249999999283,0.250000000731,0.249999999495,0.250000000492
0.250000002070,0.249999997884,0.250000001462,0.249999998585
0.250000003100,0.249999996829,0.250000002192,0.249999997879
0.250000002613,0.249999997328,0.250000001845,0.249999998213
0.250000001678,0.249999998284,0.250000001186,0.249999998852
0.250000002868,0.249999997066,0.250000002027,0.249999998038
0.250000003620,0.249999996299,0.250000002558,0.249999997524
0.250000003321,0.249999996604,0.250000002347,0.249999997729
0.249999997057,0.250000003013,0.249999997920,0.250000002010
0.250000001882,0.249999998076,0.250000001329,0.249999998713
0.250000001984,0.249999997971,0.250000001402,0.249999998643
0.250000003424,0.249999996499,0.250000002420,0.249999997658
0.250000001662,0.249999998298,0.250000001175,0.249999998864
0.250000002474,0.249999997469,0.250000001748,0.249999998309
0.250000001687,0.249999998276,0.250000001191,0.249999998846
0.250000003221,0.249999996705,0.250000002276,0.249999997798
0.250000000419,0.249999999572,0.250000000296,0.249999999713
0.250000002645,0.249999997294,0.250000001870,0.249999998191
0.250000001693,0.249999998270,0.250000001196,0.249999998841
0.250000002934,0.249999996999,0.250000002073,0.249999997993
0.250000001894,0.249999998063,0.250000001338,0.249999998705
0.250000001819,0.249999998139,0.250000001285,0.249999998756
0.250000000926,0.249999999053,0.250000000654,0.249999999367
0.250000004878,0.249999995013,0.250000003446,0.249999996663
0.250000005118,0.249999994766,0.250000003616,0.249999996499
0.250000003407,0.249999996515,0.250000002408,0.249999997670
0.250000003152,0.249999996776,0.250000002228,0.249999997844
0.250000003635,0.249999996283,0.250000002568,0.249999997514
0.250000003546,0.249999996373,0.250000002505,0.249999997575
0.250000003859,0.249999996054,0.250000002726,0.249999997360
0.250000001651,0.249999998312,0.250000001166,0.249999998871
0.250000002273,0.249999997675,0.250000001606,0.249999998446
0.250000003496,0.249999996425,0.250000002470,0.249999997609
0.250000003589,0.249999996329,0.250000002537,0.249999997545
0.250000002127,0.249999997824,0.250000001503,0.249999998545
0.250000002678,0.249999997262,0.250000001892,0.249999998168
0.250000002885,0.249999997049,0.250000002039,0.249999998027
0.250000003379,0.249999996544,0.250000002388,0.249999997689
0.250000003725,0.249999996190,0.250000002632,0.249999997452
0.250000003386,0.249999996537,0.250000002393,0.249999997684
0.250000002190,0.249999997760,0.250000001548,0.249999998502
0.250000003769,0.249999996148,0.250000002662,0.249999997421
0.250000000619,0.249999999367,0.250000000437,0.249999999577
0.250000000136,0.249999999858,0.250000000098,0.249999999908
0.250000002965,0.249999996969,0.250000002094,0.249999997972
0.250000001978,0.249999997977,0.250000001398,0.249999998647
0.250000002441,0.249999997503,0.250000001725,0.249999998331
0.250000001834,0.249999998124,0.250000001296,0.249999998747
0.250000003605,0.249999996316,0.250000002545,0.249999997534
0.250000001901,0.249999998056,0.250000001343,0.249999998700
0.250000003586,0.249999996334,0.250000002533,0.249999997547
0.250000002573,0.249999997367,0.250000001819,0.249999998240
0.250000002496,0.249999997447,0.250000001764,0.249999998293
0.250000003904,0.249999996007,0.250000002758,0.249999997331
0.250000002576,0.249999997365,0.250000001821,0.249999998238
0.250000002748,0.249999997189,0.250000001942,0.249999998120
0.250000002525,0.249999997418,0.250000001784,0.249999998273
0.250000001169,0.249999998805,0.250000000826,0.249999999200
0.250000002926,0.249999997009,0.250000002067,0.249999997998
0.250000002652,0.249999997287,0.250000001874,0.249999998186
0.250000003101,0.249999996829,0.250000002191,0.249999997879
0.250000003814,0.249999996100,0.250000002695,0.249999997391
0.250000002819,0.249999997118,0.250000001991,0.249999998072
0.250000001494,0.249999998471,0.250000001056,0.249999998979
0.250000002118,0.249999997835,0.250000001496,0.249999998551
0.250000002457,0.249999997487,0.250000001736,0.249999998319
0.250000002636,0.249999997307,0.250000001861,0.249999998196
0.250000001892,0.249999998066,0.250000001336,0.249999998706
0.250000003090,0.249999996839,0.250000002184,0.249999997886
0.250000000850,0.249999999130,0.250000000601,0.249999999420
0.250000002955,0.249999996978,0.250000002088,0.249999997979
0.250000002266,0.249999997683,0.250000001601,0.249999998451
0.250000001091,0.249999998882,0.250000000771,0.249999999255
0.250000001872,0.249999998085,0.250000001323,0.249999998720
0.250000001949,0.249999998008,0.250000001376,0.249999998667
0.250000002091,0.249999997861,0.250000001477,0.249999998570
0.250000002806,0.249999997131,0.250000001982,0.249999998081
0.250000002981,0.249999996952,0.250000002106,0.249999997962
0.250000002959,0.249999996973,0.250000002091,0.249999997976
0.250000004188,0.249999995717,0.250000002960,0.249999997136
0.250000003924,0.249999995987,0.250000002773,0.249999997316
0.250000002303,0.249999997644,0.250000001628,0.249999998426
0.250000001991,0.249999997964,0.250000001407,0.249999998638
0.250000001362,0.249999998606,0.250000000963,0.249999999069
0.250000001837,0.249999998121,0.250000001298,0.249999998744
0.250000004122,0.249999995786,0.250000002911,0.249999997181
0.250000002540,0.249999997403,0.250000001794,0.249999998263
0.250000002511,0.249999997431,0.250000001775,0.249999998283
0.250000000832,0.249999999149,0.250000000588,0.249999999432
0.250000004956,0.249999994932,0.250000003502,0.249999996610
0.250000003193,0.249999996734,0.250000002256,0.249999997816
0.250000001775,0.249999998185,0.250000001254,0.249999998786
0.250000002962,0.249999996971,0.250000002093,0.249999997975
0.250000001414,0.249999998553,0.250000000999,0.249999999034
0.250000001942,0.249999998014,0.250000001371,0.249999998672
0.250000003398,0.249999996526,0.250000002401,0.249999997675
0.250000003233,0.249999996693,0.250000002285,0.249999997788
0.250000001670,0.249999998291,0.250000001180,0.249999998858
0.250000002935,0.249999996997,0.250000002074,0.249999997993
0.249999999772,0.250000000232,0.249999999839,0.250000000156
0.250000001454,0.249999998513,0.250000001027,0.249999999006
0.250000004007,0.249999995903,0.250000002831,0.249999997259
0.250000003589,0.249999996331,0.250000002535,0.249999997545
0.250000002451,0.249999997493,0.250000001731,0.249999998324
0.250000001411,0.249999998557,0.250000000997,0.249999999035
0.250000001626,0.249999998338,0.250000001148,0.249999998888
0.250000000803,0.249999999178,0.250000000567,0.249999999451
0.250000001694,0.249999998268,0.250000001196,0.249999998841
0.250000004936,0.249999994952,0.250000003488,0.249999996624
0.250000000541,0.249999999446,0.250000000382,0.249999999631
0.250000003150,0.249999996778,0.250000002226,0.249999997846
0.250000003627,0.249999996293,0.250000002561,0.249999997519
0.250000000955,0.249999999023,0.250000000675,0.249999999347
0.250000003895,0.249999996016,0.250000002753,0.249999997336
0.250000003496,0.249999996425,0.250000002470,0.249999997609
0.250000002501,0.249999997442,0.250000001767,0.249999998289
0.250000003724,0.249999996193,0.250000002630,0.249999997453
0.250000002405,0.249999997540,0.250000001700,0.249999998355
0.250000002598,0.249999997343,0.250000001836,0.249999998223
0.250000004446,0.249999995453,0.250000003142,0.249999996959
0.250000004128,0.249999995781,0.250000002915,0.249999997176
0.250000004399,0.249999995503,0.250000003107,0.249999996991
0.250000004189,0.249999995716,0.250000002960,0.249999997134
0.250000003036,0.249999996897,0.250000002144,0.249999997923
0.250000004922,0.249999994968,0.250000003477,0.249999996633
0.250000002740,0.249999997199,0.250000001936,0.249999998126
0.250000003160,0.249999996769,0.250000002232,0.249999997839
0.250000002667,0.249999997271,0.250000001885,0.249999998177
0.250000003074,0.249999996856,0.250000002173,0.249999997897
0.250000001614,0.249999998350,0.250000001140,0.249999998897
0.250000002995,0.249999996940,0.250000002115,0.249999997951
0.250000003775,0.249999996141,0.250000002666,0.249999997418
0.250000003228,0.249999996698,0.250000002282,0.249999997793
0.250000001924,0.249999998031,0.250000001360,0.249999998684
0.250000002520,0.249999997422,0.250000001781,0.249999998277
0.250000003397,0.249999996527,0.250000002400,0.249999997677
0.250000003293,0.249999996634,0.250000002326,0.249999997747
0.250000003010,0.249999996923,0.250000002126,0.249999997941
0.250000001663,0.249999998299,0.250000001175,0.249999998863
0.250000000567,0.249999999418,0.250000000402,0.249999999613
0.250000002590,0.249999997350,0.250000001831,0.249999998229
0.250000002638,0.249999997303,0.250000001864,0.249999998195
0.250000000545,0.249999999441,0.250000000385,0.249999999628
0.250000002683,0.249999997257,0.250000001895,0.249999998165
0.250000003588,0.249999996331,0.250000002536,0.249999997546
0.250000004242,0.249999995664,0.250000002996,0.249999997099
0.250000002070,0.249999997883,0.250000001463,0.249999998584
0.249999997928,0.250000002117,0.249999998537,0.250000001418
0.250000002732,0.249999997206,0.250000001930,0.249999998131
0.250000003075,0.249999996857,0.250000002172,0.249999997897
0.250000000796,0.249999999187,0.250000000562,0.249999999456
0.250000002734,0.249999997206,0.250000001931,0.249999998130
0.250000003928,0.249999995983,0.250000002775,0.249999997314
0.250000002318,0.249999997629,0.250000001638,0.249999998415
0.250000002156,0.249999997794,0.250000001524,0.249999998526
0.250000003108,0.249999996821,0.250000002196,0.249999997875
0.250000000628,0.249999999358,0.250000000444,0.249999999570
0.250000003396,0.249999996528,0.250000002399,0.249999997678
0.250000002163,0.249999997788,0.250000001528,0.249999998522
0.250000000184,0.249999999809,0.250000000131,0.249999999876
0.250000002682,0.249999997257,0.250000001895,0.249999998166
0.250000003626,0.249999996292,0.250000002562,0.249999997519
0.250000004547,0.249999995349,0.250000003214,0.249999996890
0.250000003951,0.249999995959,0.250000002792,0.249999997297
0.250000001763,0.249999998196,0.250000001246,0.249999998795
0.250000003084,0.249999996847,0.250000002179,0.249999997890
0.250000001607,0.249999998354,0.250000001137,0.249999998902
0.250000003083,0.249999996848,0.250000002178,0.249999997891
0.250000001313,0.249999998655,0.250000000929,0.249999999103
0.250000003236,0.249999996690,0.250000002287,0.249999997787
0.250000001590,0.249999998373,0.250000001124,0.249999998913
0.250000002345,0.249999997602,0.250000001657,0.249999998396
0.250000002639,0.249999997300,0.250000001865,0.249999998195
0.250000002176,0.249999997774,0.250000001538,0.249999998512
0.250000001965,0.249999997990,0.250000001389,0.249999998656
0.250000001294,0.249999998676,0.250000000914,0.249999999116
0.250000002057,0.249999997896,0.250000001454,0.249999998594
0.250000003864,0.249999996050,0.250000002730,0.249999997357
0.250000003688,0.249999996228,0.250000002606,0.249999997478
0.250000002582,0.249999997360,0.250000001824,0.249999998234
0.250000002769,0.249999997169,0.250000001956,0.249999998106
0.250000003058,0.249999996874,0.250000002160,0.249999997909
0.250000001922,0.249999998033,0.250000001359,0.249999998686
0.250000002626,0.249999997315,0.250000001855,0.249999998203
0.250000004422,0.249999995478,0.250000003124,0.249999996976
0.250000003179,0.249999996749,0.250000002246,0.249999997826
0.250000002492,0.249999997451,0.250000001761,0.249999998295
0.250000002185,0.249999997765,0.250000001544,0.249999998506
0.250000001907,0.249999998048,0.250000001349,0.249999998696
0.250000002653,0.249999997286,0.250000001875,0.249999998186
0.250000003030,0.249999996900,0.250000002142,0.249999997928
0.250000004752,0.249999995141,0.250000003358,0.249999996750
0.250000003363,0.249999996560,0.250000002377,0.249999997700
0.250000001922,0.249999998035,0.250000001357,0.249999998686
0.250000003984,0.249999995926,0.250000002815,0.249999997275
0.250000003920,0.249999995990,0.250000002771,0.249999997319
0.250000001386,0.249999998583,0.250000000979,0.249999999053
0.250000002396,0.249999997548,0.250000001695,0.249999998361
0.250000002064,0.249999997890,0.250000001458,0.249999998589
0.250000003212,0.249999996716,0.250000002269,0.249999997803
0.250000001934,0.249999998022,0.250000001367,0.249999998678
0.250000004163,0.249999995741,0.250000002943,0.249999997152
0.250000003448,0.249999996475,0.250000002435,0.249999997642
0.250000001888,0.249999998070,0.250000001333,0.249999998708
0.250000002560,0.249999997381,0.250000001809,0.249999998250
0.250000000979,0.249999998999,0.250000000692,0.249999999330
0.250000002129,0.249999997822,0.250000001505,0.249999998544
0.250000002066,0.249999997888,0.250000001459,0.249999998588
0.250000001590,0.249999998373,0.250000001123,0.249999998914
0.250000003215,0.249999996713,0.250000002271,0.249999997801
0.250000001790,0.249999998169,0.250000001265,0.249999998776
0.250000004114,0.249999995794,0.250000002906,0.249999997186
0.250000001790,0.249999998169,0.250000001265,0.249999998776
0.250000000928,0.249999999050,0.250000000655,0.249999999367
0.250000003577,0.249999996343,0.250000002526,0.249999997554
0.250000002295,0.249999997653,0.250000001622,0.249999998431
0.250000004256,0.249999995648,0.250000003007,0.249999997089
0.250000002620,0.249999997321,0.250000001851,0.249999998209
0.250000003510,0.249999996410,0.250000002481,0.249999997599
0.250000002887,0.249999997048,0.250000002040,0.249999998025
0.250000002827,0.249999997108,0.250000001998,0.249999998067
0.250000003112,0.249999996820,0.250000002197,0.249999997871
0.250000002049,0.249999997904,0.250000001448,0.249999998599
0.250000003256,0.249999996671,0.250000002300,0.249999997773
0.250000004157,0.249999995748,0.250000002938,0.249999997157
0.250000001375,0.249999998592,0.250000000972,0.249999999061
0.250000002414,0.249999997532,0.250000001705,0.249999998349
0.250000002552,0.249999997390,0.250000001803,0.249999998255
0.250000002675,0.249999997267,0.250000001888,0.249999998170
0.250000002938,0.249999996994,0.250000002077,0.249999997991
0.250000003905,0.249999996007,0.250000002759,0.249999997329
0.250000001259,0.249999998712,0.250000000890,0.249999999140
0.250000001999,0.249999997955,0.250000001413,0.249999998632
0.250000003369,0.249999996554,0.250000002381,0.249999997695
0.250000003683,0.249999996233,0.250000002603,0.249999997481
0.250000003128,0.249999996802,0.250000002210,0.249999997860
0.250000003072,0.249999996858,0.250000002171,0.249999997899
0.250000003579,0.249999996340,0.250000002529,0.249999997552
0.250000001222,0.249999998748,0.250000000865,0.249999999165
0.250000004669,0.249999995225,0.250000003299,0.249999996807
0.250000003460,0.249999996461,0.250000002445,0.249999997633
0.250000002965,0.249999996968,0.250000002095,0.249999997972
0.250000003336,0.249999996588,0.250000002358,0.249999997718
0.250000000436,0.249999999554,0.250000000308,0.249999999702
0.250000001141,0.249999998832,0.250000000807,0.249999999221
0.250000002540,0.249999997403,0.250000001794,0.249999998263
0.250000001636,0.249999998326,0.250000001156,0.249999998881
0.250000001454,0.249999998515,0.250000001026,0.249999999005
0.250000001127,0.249999998847,0.250000000797,0.249999999230
0.250000001809,0.249999998148,0.250000001279,0.249999998764
0.250000002588,0.249999997354,0.250000001828,0.249999998230
0.250000001506,0.249999998460,0.250000001063,0.249999998970
0.250000003135,0.249999996793,0.250000002215,0.249999997857
0.250000003214,0.249999996713,0.250000002271,0.249999997802
0.250000002535,0.249999997406,0.250000001792,0.249999998267
0.250000002145,0.249999997807,0.250000001515,0.249999998533
0.250000001915,0.249999998041,0.250000001353,0.249999998692
0.250000000780,0.249999999201,0.250000000551,0.249999999468
0.250000000099,0.249999999897,0.250000000071,0.249999999934
0.250000001298,0.249999998671,0.250000000918,0.249999999113
0.250000002631,0.249999997309,0.250000001859,0.249999998201
0.250000001774,0.249999998185,0.250000001253,0.249999998788
0.250000003501,0.249999996420,0.250000002473,0.249999997606
0.250000003171,0.249999996756,0.250000002241,0.249999997831
0.250000003689,0.249999996227,0.250000002607,0.249999997477
0.250000001875,0.249999998082,0.250000001325,0.249999998718
0.250000004523,0.249999995376,0.250000003195,0.249999996906
0.250000003559,0.249999996360,0.250000002515,0.249999997565
0.250000003646,0.249999996272,0.250000002576,0.249999997506
0.250000002673,0.249999997267,0.250000001889,0.249999998172
0.250000003722,0.249999996193,0.250000002631,0.249999997455
0.250000003990,0.249999995919,0.250000002820,0.249999997271
0.250000003364,0.249999996559,0.250000002377,0.249999997699
0.250000003329,0.249999996598,0.250000002351,0.249999997722
0.250000002697,0.249999997241,0.250000001907,0.249999998156
0.250000001091,0.249999998883,0.250000000771,0.249999999255
0.250000001326,0.249999998644,0.250000000937,0.249999999093
0.250000004046,0.249999995864,0.250000002858,0.249999997232
0.250000001795,0.249999998164,0.250000001268,0.249999998773
0.249999999567,0.250000000443,0.249999999694,0.250000000296
0.250000001929,0.249999998026,0.250000001364,0.249999998681
0.250000001145,0.249999998830,0.250000000809,0.249999999217
0.250000002622,0.249999997319,0.250000001852,0.249999998207
0.250000002673,0.249999997265,0.250000001890,0.249999998172
0.250000001965,0.249999997990,0.250000001389,0.249999998657
0.250000002713,0.249999997226,0.250000001916,0.249999998145
0.250000003432,0.249999996491,0.250000002424,0.249999997653
0.250000000477,0.249999999512,0.250000000337,0.249999999674
0.250000002391,0.249999997555,0.250000001689,0.249999998366
0.250000002710,0.249999997227,0.250000001915,0.249999998148
0.250000002815,0.249999997120,0.250000001990,0.249999998075
0.250000001490,0.249999998476,0.250000001053,0.249999998981
0.250000003935,0.249999995977,0.250000002780,0.249999997309
0.250000002344,0.249999997602,0.250000001656,0.249999998398
0.250000002180,0.249999997770,0.250000001540,0.249999998510
0.250000003753,0.249999996161,0.250000002653,0.249999997433
0.250000002915,0.249999997018,0.250000002061,0.249999998007
0.250000001568,0.249999998396,0.250000001108,0.249999998929
0.250000002624,0.249999997317,0.250000001854,0.249999998206
0.250000002138,0.249999997813,0.250000001511,0.249999998538
0.250000003941,0.249999995970,0.250000002785,0.249999997304
0.250000001954,0.249999998001,0.250000001381,0.249999998664
0.250000003158,0.249999996771,0.250000002231,0.249999997841
0.250000003523,0.249999996398,0.250000002489,0.249999997590
0.250000004524,0.249999995375,0.250000003196,0.249999996906
0.250000002786,0.249999997152,0.250000001968,0.249999998095
0.250000002786,0.249999997152,0.250000001968,0.249999998095
0.250000001345,0.249999998624,0.250000000950,0.249999999081
0.250000001933,0.249999998023,0.250000001366,0.249999998678
0.250000004162,0.249999995744,0.250000002941,0.249999997153
0.250000002669,0.249999997270,0.250000001886,0.249999998174
0.250000002496,0.249999997447,0.250000001764,0.249999998293
0.250000002362,0.249999997584,0.250000001669,0.249999998385
0.250000003627,0.249999996290,0.250000002563,0.249999997519
0.250000003731,0.249999996184,0.250000002637,0.249999997448
0.250000001856,0.249999998102,0.250000001311,0.249999998731
0.250000003209,0.249999996719,0.250000002267,0.249999997806
0.250000004285,0.249999995618,0.250000003028,0.249999997069
0.250000002281,0.249999997666,0.250000001612,0.249999998441
0.250000003314,0.249999996610,0.250000002342,0.249999997734
0.250000002238,0.249999997710,0.250000001582,0.249999998471
0.250000001960,0.249999997995,0.250000001385,0.249999998661
0.250000002423,0.249999997523,0.250000001712,0.249999998343
0.250000003374,0.249999996550,0.250000002384,0.249999997692
0.250000003551,0.249999996369,0.250000002509,0.249999997572
0.250000002369,0.249999997577,0.250000001674,0.249999998380
0.250000004283,0.249999995621,0.250000003026,0.249999997070
0.249999997173,0.250000002891,0.249999998002,0.250000001933
0.250000001489,0.249999998476,0.250000001053,0.249999998982
0.250000001476,0.249999998490,0.250000001043,0.249999998990
0.250000002647,0.249999997293,0.250000001870,0.249999998190
0.250000000979,0.249999998999,0.250000000692,0.249999999330
0.250000003511,0.249999996410,0.250000002481,0.249999997598
0.250000003557,0.249999996362,0.250000002513,0.249999997567
0.250000003102,0.249999996826,0.250000002193,0.249999997879
0.250000002678,0.249999997260,0.250000001893,0.249999998169
0.250000002381,0.249999997564,0.250000001683,0.249999998372
0.249999999501,0.250000000509,0.249999999648,0.250000000342
0.250000003173,0.249999996756,0.250000002242,0.249999997830
0.250000004017,0.249999995893,0.250000002838,0.249999997252
0.250000003238,0.249999996690,0.250000002287,0.249999997785
0.250000004027,0.249999995884,0.250000002844,0.249999997245
0.250000003318,0.249999996606,0.250000002345,0.249999997731
0.250000003009,0.249999996923,0.250000002126,0.249999997941
0.250000001333,0.249999998636,0.250000000943,0.249999999089
